40
4
10
10
10
10
9.793119757336177 1.1835337026829094 0
9.165256778569418 0.8989711341318072 0
9.236121475321978 -0.665232275566073 0
9.505882700118741 -2.2545472240598863 0
10.82658273410438 -1.6798546846859221 0
9.325838301712615 1.823862421387841 0
11.41844749891076 -0.25298016636345244 0
11.844460920119822 1.0494131317583109 0
10.228733712761372 -1.0757344433181184 0
9.720913387328906 -0.4985570334820068 0
-9.857653028497039 9.819975051854282 1
-9.93435091814314 9.643218093655793 1
-9.877753834176298 10.641746215457557 1
-8.2989915032704 9.374885503512255 1
-8.909560773431558 8.342888316369427 1
-9.80276366582281 12.275046334899473 1
-11.763136693590065 9.511406221543515 1
-8.848764626662643 8.162674305107254 1
-10.932148185446147 7.386732652837584 1
-9.751478744336055 10.03436136768904 1
-10.625295591591648 0.29816033531501224 2
-11.19622264842475 -0.47444261908094304 2
-9.691121602570005 1.069716817342265 2
-10.179417753134896 -0.1211129592479052 2
-10.235703157162748 0.5772862030162329 2
-10.507837458341987 -3.253080411112223 2
-9.452380567414268 1.399114157087498 2
-9.715879116520037 0.21161703952536848 2
-10.532012850450506 0.7272647396954487 2
-10.69360943415245 -0.9585469889292727 2
9.01577865382059 11.269378828021427 3
10.419508610120344 8.414538061337437 3
8.883608905225255 9.569178245022046 3
10.641976080832686 8.969516264990268 3
10.034971640839217 9.945184660585966 3
9.988555884618663 10.855355001104709 3
10.083621633756385 10.680929481788583 3
10.638914974681953 9.351513565987949 3
9.860474983247865 9.94330582975347 3
10.799299704462358 11.321970036853498 3
