20
10
10
9.501935531999182 0.0850245868866402
9.935474596587753 -0.5006597302613375
10.591791562391878 1.7453007016290263
9.720626761428704 1.836213425596292
11.205093324974218 -1.4897652765583111
9.59422068304103 -0.6837044567583345
10.920040879849147 -0.7368239235957237
10.839053176323352 0.735866887585677
10.920919631943065 1.7494362671304886
9.0688701242856 -1.8252508548052815
-10.176737696209084 9.90898039885114
-10.455229867898682 10.680635949983191
-9.077118986826049 9.630969226935305
-8.039602765282979 10.339040189357759
-10.273882498598445 10.408529025040137
-7.644565027542825 9.946822795468556
-10.413832384266007 9.887350398189342
-10.272836523534556 10.80978482558172
-9.851419036622044 8.8901535164982
-9.0970482132703 7.783052773925709
1
-1
